25003018
26484002
26442198
25002993
25002987
27803843
26442199
27500072
26459693
25003000
27274438
26942097
25002989
25003011
28032013
27141414
27141410
26481773
25054097
27500073
25002994
27141413
26942100
26942106
26619007
26481612
26459672
27141408
27803842
25003007
27830109
26458870
25003014
24860693
25003002
27141415
25003015
25054091
26942104
27695661
25002991
25002988
25054096
25054093
25003009
26942098
25003004
25002996
25054092
26942105
26459694
25002997
27579219
25003006
25003008
25054090
25003003
27141416
25003017
25003012
25003001
26942102
27500074
25083344
24808988
26942101
25003010
26459669
25002992
27141411
27141409
25003005
26459666
25002998
26942099
27141412
25002999
25003013
27123375
25002990
26460500
25054095
25003016
26942103
28032012
25002995
25083343
25054094