37662628
30881850
40485885
25343063
29862146
40485888
26668782
37662624
33139979
30881851
39628623
34466336
26989642
28580206
28580209
28944136
34466340
25984424
29552438
37287654
31218157
38024585
27672540
34877235
36873671
27904818
35261848
31218158
26668777
39220281
29259852
31218160
25674384
29259851
29862147
25343064
36873669
27672538
27672537
25364650
25343100
30181933
33996350
37287652
27672536
28580207
37662622
25674381
28944143
33614369
36873674
25364646
38024584
25343093
27672539
38404730
25606361
34877237
38836176
25343109
38836174
33614370
30560012
29259850
31523593
25674382
40485884
35702576
27672542
27195192
27904832
40904638
28357175
36457589
30560013
28944135
25343110
39628624
36873672
25606360
34466337
32201669
25674386
39628619
26668776
25343082
37662619
37287659
25674385
35702579
32494553
33139978
40046020
25343089
36873668
28357179
33614380
33139977
28944138
36457585
37662625
32494552
40485889
35702584
28580219
28944137
32201668
31890457
26361562
26668784
25343065
36457586
35261846
27672541
28357176
27195187
27904819
30181934
37287655
28580217
25984423
25343094
25343088
25343118
25674383
33614371
30181939
25343073
39220277
36200034
25343120
25674387
31890449
29259853
25343068
25364648
32494563
26989643
39220276
29862160
25343108
28580208
25984430
36200029
25343095
36873670
29552452
25343112
26361570
25364647
25343075
38024582
36200025
35261847
40046027
38404738
31523594
39628621
37287651
38024580
28357178
27672545
37287653
25343066
25343113
29552443
40904645
25343102
37662627
30881853
31523598
25343114
36457583
35702582
26989646
25343119
28357183
37662626
37662621
31890448
29862148
36457582
27195191
30560025
25343079
35702581
25343116
40485887
26989648
32201678
25343101
31890450
30181937
35261850
36200033
25343124
34466346
35702577
38024581
25343081
25343080
36457588
36457580
33139985
38024578
37287656
36200032
25343085
29552444
33614379
34877243
37287658
31890453
28944145
28944142
28357180
25343067
29862157
25343087
31890458
39628627
31523599
36457584
38404735
30560026
40904642
30560020
38024587
36200027
25343098
29862152
38836175
26361568
32494558
36457581
26668779
40904640
25343083
27904829
25343084
32494559
28357184
29259862
28357188
32844076
34466344
32844070
29259864
37287660
25364649
36457587
27672550
28580220
33614374
36873675
32201679
39220272
27904831
31218171
27904822
35261852
32844075
33996358
29862149
39220273
31218163
28944139
28357186
27195201
26989653
27904830
26989650
35261849
33996353
31523604
30881864
25984428
26361566
25984431
25343117
37662623
38404736
29259854
25984426
39628625
39220279
28580212
27904824
39220274
38404732
30560018
38836177
35702578
31523605
35702580
36200030
33996357
29259859
39220275
39628622
32494554
29862155
33614375
33996355
33996351
36200028
35261844
33996362
31218162
25343076
30181942
35261853
29552446
25343070
25343126
33139987
28580213
27195195
27904825
35261851
32494557
40046021
33614377
30560022
26668780
28944141
38836178
28944148
29259855
28357182
30881852
38836182
32844078
29552445
29552442
26989649
27904821
27195193
25674389
31890452
33614378
25343104
32844077
28580218
31218165
32494562
29552447
29259860
27904823
29862156
33996361
30881854
28357187
40485893
27195199
31218169
30560023
25343115
25343123
30560017
29552451
30181940
33996359
25343129
25343077
30560016
28357189
29862159
34877240
25343128
30181935
29862153
38404733
33996354
30881858
30181938
34466341
25984432
32201674
33139988
28357185
31523600
25343092
25343072
27904826
27672548
25984425
33614376
32201676
33139982
25343106
25984427
32201675
34466345
40904644
40046026
32494561
25343127
30181944
31218170
29259858
25343071
31523603
31218161
25343099
27904828
30560015
29552439
29552448
33139981
26361567
40485886
29259861
30560019
27195198
32844069
32844068
25606359
32494555
25674390
30181943
28580215
31218167
40046023
40485890
28944144
31890459
29862158
32844073
29259863
26989652
27195196
30560024
29552450
30181941
28944149
25606367
33614373
30560021
25343111
30881856
31890456
40904641
33139984
40904639
40485891
40485892
28580211
28580214
28944150
30881863
31523602
30881857
25343097
34877241
25343122
29862151
25364652
33996352
28580216
27672549
32844071
32844074
30881855
31523601
27195200
25343105
28944147
25364651
30881861
25343121
33996360
31890455
33139983
28357181
29552440
26989645
27195197
26989651
28944146
25343103
25343086
26668781
30881860
27672543
32201672
27904827
25343090
25984429
26361569
25343078
31523597
29552449
27672546
33139986
31890454
25606366
26361571
26668785
25343069
30181936
26668783
26989644
27195189
26361564
40046029
29259856
27195194
27195188
34466343
25343125
40904643
35261845
40046025
29862154
25343107
38836179
38404737
31890451
31523595
33996356
30560014
38404734
38836181
34877234
33996363
29552441
39628626
39220278
37287657
29862150
34877242
31523596
34877239
38404729
34466342
27195190
26361565
25606364
28357177
34466338
32494556
26361563
38024583
30881859
39220280
32494560
31218168
27904820
27672544
40046024
25606362
31218159
25343091
32201673
38024579
25343074
32201670
36873666
34877236
37662620
27672547
40904646
33614372
33139980
28944140
38024586
32201671
40904637
25343096
36873667
26668778
25606363
38836180
40046028
39628618
31218164
38404731
25674388
39628620
29259857
28580210
36873673
35702583
34466339
26989647
36200026
30881862
32201677
25606365
36200031
34877238
31218166
40046022
32844079
32844072