40075521
40629359
40624699
40247315
40702497
40708026
40474275
40426219
40722187
40420145
40375310
40676599
40065464
40616106
40849475
40102980
40128832
40033371
40329332
40148974
40289159
41088244
40287693
40181463
40091088
40781626
40165285
40025610
40355967
40065363
40069719
40993798
40317016
40155993
41057926
40329343
40804397
40375093
40804685
40200352
40307862
40597142
40611284
40739565
40500800
40340786
40420248
40420295
40474241
40405235
40495216
40186230
40176071
40275410
40240907
40500796
40598302
40317013
40640950
40597248
40676625
40383754
40877950
41199336
40022110
40065384
40481554
40890826
40859316
40462218
40605075
40770350
40033344
40708003
40597401
40775651
40542421
40102890
40325410
40988071
40713824
40542360
40653469
40537818
40468428
40898253
40087798
40722188
40506790
40474278
40319290
40259405
40731019
40450294
40500739
40087658
40410905
40382647
40898246
40336059
40722175
40251683
40775785
40660289
40481516
40251585
40481534
40369613
40545540
40598289
40181436
40102912
40604834
39875987
40514711
40490815
40176112
40069734
40524218
40189581
40804726
40551142
40898356
40841971
39893484
40830973
40640934
40616145
40420164
40102907
40500777
40500722
39794858
40355884
40450298
40640921
40842017
40098049
40903755
40176065
40390055
40751258
40524234
40484968
39934870
40016839
40866990
40275389
40468461
40247401
40205440
40819036
40082989
40234890
40775360
40426251
40329398
40640933
40275351
40001078
40420190
40055726
40410838
40102865
40065476
40898332
40296002
41214738
40155919
40804403
40634996
40221747
40038784
40448206
40442802
40336024
40483509
40462179
40611267
40790757
40211441
40533849
40251671
40922023
40301922
40217273
40713644
40462219
40170048
39930502
40055822
40200381
40055799
40069831
40760696
40506738
40188109
40181460
41174671
40671112
40075430
39920752
40790487
40410835
39856690
39849568
39806420
40301993
40045394
40270029
40241127
40640823
40993721
40640912
40102887
40474208
41121205
40877952
40355888
41068885
41225515
41233813
40011961
40506782
40481583
41053873
40355883
41057893
41168833
41168866
40098141
40514744
41146229
40114189
41225614
40684224
40750893
41131646
40542406
41088143
40275386
40474287
41146161
41146259
41257790
40597333
40495164
39885579
40200372
40317002
40764996
40820202
41107995
41257986
40604827
41039576
40413507
40598354
40676683
40841656
40759975
41044641
40721798
40221761
39806488
41184854
40616169
40349051
40790754
40722028
40148892
40121512
40598578
40783707
40859278
40754591
40722186
40457478
40259308
40437602
40176083
41250200
40665386
41074188
40646614
40781329
40414863
40119383
41188921
41039418
41131561
40200270
41225568
40760487
40722192
40025608
40790774
40993728
40380275
40993711
40275366
41152943
40804727
40500726
40993704
40038693
41194135
41121372
40165250
41146214
41039450
41225599
39920764
41194194
41034923
40883749
40877917
40462183
40336090
41029769
40713815
40518523
40375331
41225579
40750885
41094464
40804693
40671115
40624548
39844278
40804416
40751163
40108711
40108628
40784937
40993707
40993696
40898301
40898273
40229834
41250106
40452047
40968383
41121232
40200228
39962551
41194199
40819054
41137047
40170066
41189009
40394675
40898337
40775359
40211354
40598201
40826089
40448196
40355957
39984963
41219933
41063287
40866887
41116186
40229738
41194157
40804680
40770363
40665346
41204227
41174744
40369544
39905544
39799340
40075390
40045343
41107984
41088407
41029453
41194125
41053858
40604916
41131612
40898283
40770380
40993748
40866981
40790240
40483479
40804721
40420286
40336053
39806404
40057753
41214801
41044616
40410908
40760494
40775369
40713704
40114232
40301948
40993733
40855326
41225605
40457460
40826120
40604877
40841954
41088272
40604926
41107999
40797221
41088162
40624551
40462134
40635052
40514671
40890833
40830970
41214739
41068918
40790755
41225491
41214763
41121390
40165279
40045337
40038740
41121270
39901255
41188957
41088305
41163043
41152894
41126262
40826482
39985061
40241092
41121384
40016782
41057921
41257753
41174634
41168840
41152954
40775665
41029409
40075421
40075507
40826087
40731295
40671138
40542396
40165314
39948669
41029385
41121411
40001143
40598191
40775730
40597358
40205602
41168830
41126296
40629395
40481533
40462223
40420233
40234959
40993743
40702537
40616112
41139783
41107965
40855504
40759969
40745549
41108007
40481497
40281531
40075438
41219767
40847358
40375068
40826407
41029344
40211302
41188895
39915882
40087722
41272840
41272759
40999496
41250183
40495191
40968361
40598325
41250060
41272769
39773272
39762901
39731156
39707418
39702219
39681851
39654033
39639297
39627862
39568039
39563390
39538229
39487500
39482754
39482735
39482698
39468657
39456016
39449022
39438971
39438963
39425167
39394114
39385199
39363243
39350194
39350127
39342355
39334450
39334201
39313810
39313806
39304915
39272213
39272186
39252130
39215330
39215363
39198906
39180132
39154182
39135125
39095811
39061081
39039494
39030555
39010129
38987844
38971792
38965628
38956726
38909246
38877473
38867326
38849913
38778413
38778412
38773525
38764027
38762603
38760795
38755691
38741208
38741157
38741100
38741077
38730494
38715031
38702811
38689355
38685110
38641814
38637893
38637840
38605392
38594752
38589924
38582900
38582886
38576038
38561828
38549180
38532506
38515174
38515144
38504253
38481335
38481258
38454488
38438867
38403586
38383420
38378595
38355710
38355534
38347519
38326858
38326833
38321540
38281003
38238782
38216959
38183145
38172891
38172862
38167464
38167209
38166979
38124110
38082332
38062507
38062451
38053087
38041200
38037140
38007560
37996938
37974208
37974184
37951939
37950276
37946247
37936141
37926810
37872625
37858240
37858231
37848998
37821990
37817256
37749605
37740225
37726791
37705065
37697371
37689673
37679855
37670358
37670342
37670319
37667390
37667330
37667289
37658439
37658437
37658423
37658401
37653444
37644478
37626429
37568186
37563694
37559149
37559063
37559055
37537683
37537625
37533072
37501188
37501185
37501152
37491331
37491304
37480084
37480076
37474954
37443037
37415209
37400917
37386499
37365629
37349818
37349768
37291632
37280669
37268983
37179326
37161573
37158969
37150818
37118739
37098529
37081515
37076897
37069697
37041608
37041605
37024986
36935482
36927364
36899416
36879253
36814274
36814258
36814255
36797777
36793093
36755338
36750945
36721231
36691034
36658594
36650582
36639640
36624527
36604703
36600285
36572906
36550574
36550572
36544157
36522659
36517856
36503528
36494728
36471409
36461028
36371215
36369162
36329442
36274176
36271373
36253866
36253820
36244992
36209128
36175905
36131296
36104743
36068614
36064607
36064440
36056436
36056432
36056366
35987833
35986281
35982497
35945595
35918773
35907855
35907851
35854389
35854306
35841058
35840979
35821070
35804400
35729665
35725559
35725484
35725468
35710442
35606766
35578241
35550604
35526001
35525976
35505430
35505348
35477515
35461279
35443671
35436894
35436886
35414039
35413929
35410268
35379257
35351155
35331276
35331271
35313948
35248112
35248107
35248096
35248088
35246210
35246191
35246173
35241128
35236371
35227307
35209917
35197081
35193621
35189936
35183224
35177119
35172866
35172857
35164800
35144630
35135572
35135568
35109910
35093149
35093147
35090500
35073949
35039067
35012601
35012596
34991656
34930395
34930372
34922579
34906191
34906190
34906174
34906169
34863216
34819137
34794485
34794480
34794461
34749770
34736505
34727946
34724969
34711245
34702344
34702330
34686181
34674728
34666796
34666789
34635148
34627338
34627331
34627330
34600590
34600583
34544473
34503559
34488820
34412683
34407850
34404428
34399803
34376220
34362421
34362412
34353347
34353327
34344420
34344392
34332588
34321052
34266471
34238321
34233722
34229750
34229741
34217348
34187500
34174922
34130719
34118978
34108006
34107995
34088339
34078418
34074316
34074302
34059112
34030713
34020694
34016126
33990214
33985586
33964933
33962631
33957947
33957935
33933124
33933104
33931066
33926503
33910590
33882967
33865427
33836792
33832526
33827628
33766102
33757571
33752727
33750434
33743793
33743790
33712027
33691747
33673856
33673852
33663550
33632267
33602292
33596949
33581730
33579333
33579322
33563302
33549137
33546736
33546721
33516254
33509245
33509220
33499900
33461594
33446253
33446201
33407723
33407680
33407677
33334373
33317578
33308271
33298082
33272301
33261637
33256811
33239050
33234167
33228797
33213509
33187544
33176831
33176815
33168048
33148291
33129321
33115515
33097079
33081831
33076953
33066818
33054853
33054851
33046090
33032630
32962702
32928263
32917266
32917253
32894175
32883321
32867836
32859228
32843101
32831110
32819431
32811524
32811506
32799895
32762766
32758259
32746884
32660636
32615994
32600364
32586397
32580778
32580746
32576219
32546186
32539836
32503575
32493385
32493369
32471463
32456653
32456649
32448372
32448321
32448241
32375863
32375849
32345347
32334607
32306986
32303241
32299466
32276663
32248828
32183856
32131864
32122373
32106880
32106873
32102670
32085791
31996269
31959191
31952522
31941528
31931849
31910860
31900176
31888683
31878955
31842965
31796109
31779656
31779646
31744510
31703597
31699127
31655616
31615541
31533771
31533761
31511039
31492166
31455396
31429789
31416457
31412917
31399110
31399107
31391115
31300010
31288838
31266511
31200731
31196149
31159889
31142378
31084624
31077250
31054581
31046785
31023354
31023339
30940196
30819238
30808393
30808388
30786918
30770747
30764848
30744648
30736844
30732632
30732630
30717761
30709364
30665444
30658664
30630516
30626441
30626423
30616652
30616616
30545392
30522498
30486850
30466460
30463562
30445974
30419968
30400970
30373615
30373605
30367646
30348193
30309370
30286783
30285904
30285816
30227882
30227880
30185236
30185208
30126448
30115091
30111362
30111353
30111349
30092804
30029683
30029679
30021602
30012219
29996871
29996870
29973227
29970136
29970125
29970108
29941005
29914528
29907124
29903031
29871644
29751845
29728119
29678136
29661209
29631605
29625577
29618366
29506540
29458386
29422078
29391032
29370821
29357934
29284525
29273068
29258585
29258554
29246172
29237491
29212508
29078792
29037240
28974237
28969699
28927429
28893311
28882145
28859662
28841900
28838325
28830496
28716038
28666455
28659151
28595620
28569181
28535796
28521805
28499397
28494771
28490364
28486967
28427466
28427446
28416019
28399928
28388959
28351420
28327205
28320476
28302183
28302142
28274234
28238288
28193245
28115003
28109318
28103894
28095893
28069032
28057044
27914482
27894323
27876060
27852283
27825362
27814735
27769281
27669821
27663197
27629047
27581207
27538463
27520363
27488172
27484654
27473762
27465035
27456001
27391121
27370225
27353333
27349225
27317315
27301273
27259284
27194137
27194034
27146152
27129405
27112265
27101900
27068711
26988355
26920579
26911866
26822130
26809434
26728142
26714856
26693825
26691656
26608306
26603037
26578207
26578084
26572744
26560304
26520066
26471370
26446585
26419362
26338283
26238698
26219379
26187655
26105076
26104972
26084935
26082315
26076658
26025214
25929793
25896868
25887401
25759012
25757854
25757391
25604085
25527201
25491897
25491320
25424124
25424010
25415456
25404155
25348640
25338955
25303967
25265971
25258038
25257953
25239094
25233840
25223275
25213625
25208612
25205257
25200064
25178161
24980507
24980457
24954169
24886362
24886261
24775865
24775609
24767306
24741995
24725416
24655371
24646194
24628984
24580809
24513086
24513034
24433508
24433488
24405665
24354965
24344687
24245577
24237580
24216293
24172221
24139637
24139596
24079343
24074285
24053568
24044630
24007552
24004862
23981289
23954021
23919265
23915575
23915561
23902898
23879976
23844722
23844677
23842451
23800341
23800320
23800289
23773660
23767834
23688356
23631446
23607806
23570448
23557362
23509891
23433359
23433318
23425552
23414570
23406536
23398775
23394473
23356216
23331413
23316740
23311542
23227998
23181892
23176611
23137060
23110738
23075428
23057704
23039766
23009177
22998683
22958330
22943132
22909024
22883422
22824307
22676497
22640988
22640953
22640797
22640754
22642880
22587661
22583614
22429443
22373003
22277662
22216833
22151964
22078000
22041095
22024364
21967988
21910867
21902819
21892964
21801394
21752287
21689409
21682876
21668957
21651769
21619691
21586115
21569638
21504564
21457564
21392394
21294897
21235737
21143835
20964875
20923556
20573229
20537182
20128925
20003495
19883511
19818152
19781076
19545378
19538745
19368725
19267933
19133130
18922146
18796155
18796143
18667063
18611256
18505557
17980020
17958891
17894899
17655751
17547743
17498283
17425791
17386098
17359527
17349054
17324297
17274816
17210076
17210070
17163996
17032466
16872500
16817954
16803637
16800870
16756677
16740166
16722608
16722602
41275302
41267078
40830977
40817077
40640932
40468431
40410895
40270050
39920747
39722044
39695809
39183347
38956600
38778404
38750596
38637830
38575986
38238766
37908000
37872602
37697378
37644601
37542300
37268965
36624535
35906608
35246208
35189940
34670613
34565417
34294115
34193236
33691766
33602313
33485382
33482860
33472673
33407722
33407670
32962746
32912261
32746869
32293503
32276635
32059735
31694673
31146777
30902101
28743279
28438223
28427470
28122587
27919255
27717396
26553228
25519771
25407738
25085432
24642012
24555734
24499656
21050479
20727133
20030831
19265524
16722594
23787031
23433426
32698834
35292049
35292045
33827605
34301277
41272811
38685058
35236361
23360583
39984942
39972474
39953542
39934847
39934837
39930437
39923104
39923090
39905462
39891251
39871362
39828698
39827259
39819452
39780260
39780253
39762911
39736737
39736684
39716306
39716297
39709432
39702264
39702211
39633384
39633381
39614360
39614329
39609890
39609877
39593137
39593065
39548598
39533347
39487522
39487453
39478628
39468681
39468625
39425141
39420401
39407304
39397011
39396996
39394129
39390491
39313783
39272200
39272138
39267130
39261914
39243101
39243096
39242501
39215332
39187849
39182149
39169373
39169371
39164733
39152504
39148141
39138584
39044220
39044201
39020416
39010060
38997701
38965557
38961480
38956624
38910253
38902749
38879497
38844943
38715067
38637895
38637882
38637854
38637824
38637809
38632666
38610004
38609989
38532451
38515195
38475910
38459573
38448957
38439013
38424595
38413985
38409042
38409029
38403651
38395939
38395848
38378692
38373977
38355619
38351060
38341604
38321508
38321498
38308356
38303068
38297356
38291497
38291466
38287353
38287340
38212814
38183136
38183105
38183080
38087330
38066637
38057861
38049864
38042851
38037133
38017461
37996931
37978394
37974252
37974207
37946256
37915031
37904148
37865771
37833795
37821981
37817200
37794437
37759207
37752558
37740206
37735442
37710322
37705003
37700355
37697298
37653408
37644541
37542348
37525225
37516884
37488619
37488580
37480106
37480023
37468973
37443087
37415214
37403138
37391775
37386576
37386469
37365619
37353850
37353838
37349725
37344904
37328863
37308920
37291601
37291571
37286999
37264388
37226269
37226184
37179309
37170366
37165433
37147676
37143135
37122022
37120568
37120555
37072824
37069597
37060005
37041585
37020310
36978184
36959587
36949506
36941680
36935495
36915141
36882869
36859275
36823529
36805739
36782327
36721163
36717864
36639812
36624503
36564803
36514177
36494820
36471415
36471344
36411487
36397119
36376984
36371259
36348386
36329518
36324138
36303225
36303223
36303195
36303152
36253797
36242072
36175960
36131317
36109795
36089593
36088349
36085161
36071499
36068543
36064725
36064430
36056365
36056364
36028864
35987773
35987771
35964087
35906684
35897075
35870981
35870972
35854387
35854365
35854315
35854314
35854274
35841006
35840992
35810311
35804398
35739599
35725623
35717381
35717370
35710503
35710439
35710430
35698235
35698200
35668534
35619153
35578286
35551639
35549752
35549731
35526033
35526016
35392962
35392952
35382851
35379284
35379282
35365235
35351164
35346302
35346288
35331292
35313924
35248143
35246200
35246199
35241125
35241104
35236387
35236382
35236380
35197096
35197085
35197083
35193651
35193637
35193623
35189949
35189935
35189933
35172853
35172852
35144646
35144638
35130950
35123534
35101075
35045884
35031060
35012600
34998414
34991673
34983612
34983609
34952617
34949201
34930374
34906171
34876202
34876181
34857033
34857025
34838064
34819125
34801073
34794473
34794458
34743752
34732225
34732213
34717704
34717699
34717694
34688299
34666819
34663419
34656144
34627355
34627348
34627339
34583737
34583726
34563214
34538258
34517877
34503547
34496902
34496899
34481500
34479577
34479575
34412674
34399808
34362411
34348763
34348744
34344451
34344442
34344399
34332609
34281599
34281585
34281576
34256816
34246313
34229737
34217350
34210339
34193232
34187516
34183044
34167565
34154616
34134735
34127034
34127030
34116700
34116697
34112235
34112225
34107994
34099025
34082801
34074320
34059105
34034793
34020687
34001227
34001203
33980297
33980295
33980287
33971919
33957949
33952316
33952291
33933110
33933089
33882989
33853651
33832528
33827627
33827624
33757576
33743737
33741030
33736655
33648526
33639995
33639990
33632281
33622387
33622384
33618747
33557878
33541401
33517895
33516245
33509232
33509219
33482836
33461585
33407706
33407701
33407684
33388073
33339521
33308266
33272297
33243271
33239052
33228748
33208168
33203450
33189153
33176823
33168042
33153463
33115512
33097077
33097072
33076957
33050940
33046095
33028371
33004071
32993758
32993725
32972444
32967694
32958032
32938479
32907597
32887616
32883327
32867855
32847582
32843072
32838757
32819406
32811521
32791987
32787960
32778138
32762706
32736646
32736638
32693833
32690107
32690052
32664938
32641139
32620176
32615997
32605590
32605583
32600445
32560656
32517778
32503598
32503579
32493418
32471509
32466763
32381029
32357911
32349771
32321550
32306990
32295606
32293489
32248831
32241282
32234057
32183854
32164754
32106878
32093730
32066472
32054500
32046761
32019583
32014052
31996241
31992347
31992338
31964424
31952544
31952528
31941534
31937333
31931841
31924237
31907071
31878983
31801588
31801581
31801575
31801570
31791368
31791363
31752972
31752936
31752927
31752924
31747956
31730496
31730495
31730477
31730475
31727132
31727115
31703608
31699117
31684986
31666091
31640704
31639024
31627760
31533773
31533758
31419999
31383033
31375124
31340840
31340837
31307516
31300002
31286966
31277718
31277686
31277677
31272455
31262329
31248421
31242905
31234869
31227012
31217029
31217022
31200758
31196143
31196140
31196103
31186072
31186054
31182120
31174568
31151468
31126328
31118107
31060595
31060578
31053163
31053154
31053147
31053133
31039793
31036056
31036049
31029175
31023387
30987653
30961665
30944007
30902109
30866993
30813964
30777102
30770754
30709356
30700313
30696467
30691535
30642344
30634988
30630514
30630499
30616633
30616629
30577881
30547819
30514338
30477583
30477550
30458817
30409176
30400963
30396361
30390710
30314518
30286784
30268148
30268140
30257713
30236129
30231941
30208915
30180870
30176883
30134932
30115094
30111344
30107846
29986738
29976218
29940997
29914532
29859105
29855327
29799380
29788986
29788976
29764481
29720203
29703227
29690908
29688860
29688857
29685165
29678139
29631636
29618363
29615062
29587809
29506547
29386040
29382362
29373990
29370806
29357941
29351763
29258548
29237507
29229001
29162129
29096663
29073922
29061114
29037196
28915903
28877708
28854936
28814319
28778179
28724394
28709429
28659158
28659154
28623936
28569183
28558744
28545554
28545482
28506302
28468677
28449700
28427469
28410602
28372595
28359278
28302171
28279226
28228103
28202035
28187749
28183324
28122596
28100254
28100251
28088251
28077132
27927250
27908292
27906067
27884168
27871307
27852280
27829465
27809914
27793155
27724940
27716353
27683084
27619482
27600717
27549087
27506760
27484908
27484815
27430971
27417441
27406185
27387980
27356512
27343064
27334100
27287197
27234175
27225443
27207271
27189384
27169704
27146407
27146299
27129473
27129381
27112191
27108412
27101822
27083890
27038780
27015660
27004399
26897367
26833097
26758562
26691530
26682746
26645295
26631248
26631233
26511061
26446624
26419464
26391590
26338206
26338094
26289251
26259610
26198208
26187632
26084276
26076709
26062705
26045207
26025111
26017010
25994334
25963141
25958381
25947624
25935555
25902842
25896794
25887307
25886974
25886057
25881068
25874378
25758857
25758562
25758373
25757705
25613038
25551694
25539952
25528552
25519458
25496809
25475444
25475155
25425461
25425184
25377995
25373420
25351291
25332050
25304026
25277108
25227739
25208770
25179809
25124141
25103190
25091295
25081276
25053188
24996814
24980780
24957181
24948216
24927752
24927635
24915861
24898617
24886140
24885036
24884922
24884717
24884629
24767411
24742043
24742017
24735931
24735900
24731534
24731506
24678771
24661374
24646171
24602160
24580800
24524299
24524281
24502792
24468074
24461084
24450482
24410807
25928806
24377858
24365263
24321451
24279613
24245549
24228726
24225362
24164807
24148153
24131551
24131530
24107482
24047559
24044606
24011030
24007597
23947946
23941260
23915701
23895135
23866855
23866841
23849162
23837440
23837398
23829793
23786966
23786919
23742248
23692823
23679950
23621916
23587214
23561550
23557396
23557332
23531228
23521865
23421845
23421808
23406512
23398819
23379534
23324528
23302111
23286897
23270508
23259501
23234252
23217193
23210800
23140536
23107375
23035791
23013746
22989098
22950632
22943186
22938506
22932001
22776072
22710101
22676771
22640971
22640403
22546240
22497990
22284844
22269211
22264391
22248077
22236771
22216886
22214468
22195601
22192717
22176730
22151899
22133093
22129361
22044607
22004918
21951518
21849083
21824431
21806840
21749694
21702900
21600032
21569628
21569592
21486454
21171977
21122093
21110857
20615230
20550723
20525256
20509956
20492708
20482855
20482833
20398363
20388228
20385007
20384987
19744342
19493331
19284546
19032739
19021896
19019226
19014533
18505544
18454853
18435847
18348718
18215315
18039390
17986328
17915006
17555581
17480225
17433111
17389039
17295911
17184545
17105651
16959034
16953888
16934146
16899117
16887026
16839424
16831221
16722618
16722606
16722604
16722579
16722529
16722528
41254778
41254716
41254678
41239408
40640928
40598537
40394660
40390090
40317045
40234923
40011938
39920767
39915831
39815358
39578840
39350191
38365713
38245779
37770946
37138365
37060032
36274155
36056437
36056359
35854272
35313922
34635114
34372892
34321067
33985557
33267903
32943103
32122367
31924248
31186049
30940178
30577875
30526673
30041674
30021599
28399889
28241879
28057010
26841949
26408013
26289392
26245762
26070612
25011486
24980890
24957117
24422943
22691392
22047105
21619673
21110863
19591690
18234091
17674486
17032445
31122244
26292942
22734612
21569238
38863016
37689674
25887186
41286922
38982319
38462612
40542371
41272832
41272780
33478506
40038706
40025514
40022161
40001237
39987184
39980015
39972398
39962527
39953603
39953579
39948683
39934873
39930534
39930424
39923077
39920831
39910635
39901153
39885577
39881421
39863902
39856766
39856737
39819351
39810165
39806438
39789600
39789585
39773286
39755676
39731157
39731109
39719631
39709450
39707529
39707521
39707491
39707431
39673054
39623453
39623400
39617942
39616352
39616351
39614301
39605025
39593190
39593117
39543639
39533427
39533303
39522006
39516878
39501396
39501359
39501350
39472905
39468607
39443985
39428462
39425191
39425097
39420435
39407234
39394138
39390597
39375751
39375747
39363361
39363355
39358755
39334316
39334235
39327607
39272071
39267157
39252126
39252123
39244550
39243094
39243040
39223582
39180133
39180127
39148107
39095827
39085891
39085840
39075495
39039523
39033298
39020431
38992753
38978077
38965635
38961493
38961462
38918870
38877584
38877508
38872169
38862970
38835089
38807157
38790019
38773664
38773661
38773490
38769503
38760658
38741122
38720335
38698461
38689282
38678283
38678257
38641832
38615062
38610052
38605390
38580983
38575988
38561822
38532502
38532450
38521962
38500184
38486236
38475874
38468317
38459574
38444029
38431642
38429809
38403687
38388492
38373961
38365830
38365728
38365697
38365689
38360726
38360662
38360654
38341591
38331915
38331897
38326894
38326877
38321499
38308282
38291488
38281056
38280999
38254122
38178189
38167479
38167094
38115074
38082428
38041194
38037079
37996946
37950297
37946245
37880781
37858180
37848938
37845740
37828588
37828551
37807078
37805596
37805563
37784188
37752586
37715271
37700316
37697356
37684696
37679829
37670350
37667351
37667299
37653545
37653461
37644568
37644544
37644439
37573351
37568154
37563631
37559136
37550744
37537670
37501151
37491286
37480127
37480122
37480080
37480063
37461074
37461050
37452404
37430363
37420270
37400895
37386449
37370069
37353803
37349772
37349760
37322480
37308912
37308910
37308899
37308883
37270548
37264426
37259171
37259144
37246228
37237386
37237297
37210540
37208760
37170358
37165422
37147718
37131188
37101303
37095554
37081508
37072860
37069638
37041653
36944981
36934245
36922864
36918897
36915094
36890577
36890565
36869340
36823650
36823598
36800969
36726161
36721237
36698133
36647077
36609401
36604716
36575500
36550515
36544165
36528660
36514157
36494733
36471404
36397154
36376887
36371238
36352425
36348359
36345025
36329499
36307878
36303204
36303170
36280881
36271426
36271424
36253830
36209187
36209113
36115991
36104822
36064416
36056411
36056400
36028863
36028856
36028855
35987635
35964099
35953843
35945620
35907899
35906705
35906686
35906604
35897040
35897012
35871071
35871018
35854386
35854363
35854311
35841106
35841050
35841042
35840997
35804402
35768874
35752848
35739601
35733166
35729663
35710568
35710564
35698198
35698197
35698103
35698092
35698080
35668470
35658911
35642001
35597964
35590323
35585549
35581596
35578305
35550173
35549996
35538504
35526022
35525997
35525989
35525974
35461258
35461249
35440027
35414031
35413870
35410222
35379269
35379268
35379267
35379254
35369888
35346296
35346295
35331284
35313909
35313898
35303908
35264229
35248134
35248131
35246221
35246174
35246171
35241111
35236389
35236379
35220957
35197088
35197080
35193636
35193626
35183220
35172854
35164822
35164804
35144652
35135579
35120534
35109913
35101067
35093143
35012599
34991676
34983593
34930388
34922584
34906192
34906163
34809685
34809674
34794481
34794477
34772435
34772434
34736503
34736502
34732228
34727962
34715892
34715881
34689817
34670609
34663416
34663404
34649570
34641930
34635134
34627351
34627337
34627336
34627329
34587980
34587972
34583711
34565437
34521447
34503561
34479584
34407837
34384469
34380532
34380529
34362417
34353346
34348761
34344419
34344397
34294091
34289876
34289859
34289855
34284801
34271959
34271949
34266466
34256808
34238334
34217357
34217342
34217336
34215312
34172077
34127036
34116682
34112210
34103092
34082800
34082789
34078440
34074315
34059089
34051828
34011350
33980296
33971915
33952330
33952326
33931068
33910603
33902672
33853649
33849624
33849616
33849615
33845862
33838691
33836786
33827621
33827602
33823903
33789695
33752690
33752678
33750429
33731182
33676542
33663533
33653382
33648541
33632255
33602304
33588903
33579331
33579320
33568181
33568176
33568143
33563298
33557904
33557882
33541389
33536051
33522938
33522936
33516242
33516233
33516230
33482870
33482869
33478553
33478535
33446229
33446226
33436030
33430941
33407729
33407688
33407676
33407644
33372616
33317601
33298085
33243256
33218345
33208175
33203435
33176829
33160388
33092611
33087144
33081835
33059708
33054844
33054807
33036649
33036647
33004052
32993765
32993743
32993728
32977849
32967698
32967697
32962737
32962735
32933559
32928284
32912316
32883346
32867839
32867823
32819397
32807195
32758270
32727502
32703289
32641071
32600370
32580780
32576226
32576213
32571412
32532290
32532288
32527280
32505191
32503636
32503603
32456656
32450880
32448375
32430048
32429967
32429959
32370776
32345314
32326947
32321554
32306994
32299476
32245393
32228621
32213199
32209104
32178705
32143656
32087739
32085790
32085780
32070364
32066479
32041641
32033562
32014025
32005221
32000842
32000831
32000824
31969179
31969166
31959195
31937337
31937334
31931840
31924231
31915033
31878969
31829218
31796091
31796085
31796084
31767031
31753026
31752940
31727177
31727111
31727109
31684997
31684990
31684987
31639032
31639011
31615551
31484564
31429781
31429780
31426838
31416449
31399146
31395074
31370862
31370859
31349848
31331350
31311558
31300021
31300018
31296233
31287005
31287000
31277675
31248428
31242950
31234920
31228950
31217017
31196221
31186066
31182113
31174576
31174574
31174559
31142331
31113447
31084608
31077260
31053156
31029159
30940156
30922357
30832705
30808424
30808384
30795813
30777126
30777105
30760309
30736835
30696470
30678705
30665446
30630505
30606267
30606190
30594215
30563557
30558651
30558645
30486835
30486833
30477555
30424784
30419965
30419918
30382914
30359268
30359266
30342527
30241551
30241550
30201051
30165883
30157945
30143026
30115089
30107845
30092788
30064481
30064458
30029695
30012160
30005674
29973226
29954425
29945661
29941009
29925433
29925411
29855326
29799383
29799379
29799378
29799377
29783990
29747658
29747656
29716638
29703220
29653542
29636076
29631617
29625627
29625568
29580292
29415745
29382371
29374495
29370874
29357903
29343286
29335026
29321033
29262839
29208051
29183396
29149851
29047377
28969652
28950889
28946916
28877744
28877709
28814322
28720148
28709457
28701211
28679388
28659150
28629392
28619060
28576129
28545486
28468665
28464912
28446219
28376890
28347346
28302131
28288694
28274233
28241848
28219443
28212684
28193273
28187737
28173822
28148276
28103898
28100272
28095876
28086972
27927236
27927234
27876091
27871301
27816064
27717373
27682832
27680012
27628848
27612877
27577926
27544590
27476530
27450488
27412159
27387831
27356758
27317422
27259479
27225337
27183977
27183828
27179618
27142856
27102204
27084087
27080038
27044540
27030250
27012247
27008848
27008844
26965710
26939863
26927810
26923565
26852323
26818898
26666653
26654922
26654877
26627182
26577080
26550692
26525984
26494006
26490561
26452350
26419238
26416388
26410222
26399329
26381604
26336863
26329332
26329144
26303029
26302956
26223689
26208493
26123310
26104810
26070802
26048034
26025012
25971981
25963016
25943355
25934493
25896727
25896637
25888393
25887804
25887606
25885655
25758715
25758134
25644263
25612904
25612837
25603901
25539860
25519680
25497574
25496976
25491489
25491247
25475340
25433810
25433535
25433492
25433388
25431232
25431165
25427578
25425243
25344299
25330735
25238977
25231378
25231261
25231166
25208129
25205361
25178307
25103075
25079250
25047006
25022842
25022750
24980630
24961299
24961275
24935484
24908055
24886560
24886459
24716823
24674137
24618404
24555714
24528855
24475935
24401676
24393603
25928712
25928531
25774598
24341788
24299452
24237605
24119230
24107467
24098952
24088413
24079310
24070122
24063858
24063809
24020503
24016338
24016303
23972085
23924366
23915644
23829769
23805858
23738610
23711081
23692737
23679990
23663302
23656970
23651789
23621943
23601510
23587236
23561487
23531252
23518061
23448170
23442826
23409742
23374165
23324478
23311495
23294540
23289717
23237078
23234264
23148655
23147228
23110709
23088440
23074969
23046562
23013790
22986007
22978793
22938382
22913777
22908982
22876746
22776096
22713831
22710145
22704758
22676651
22676574
22642865
22621770
22591656
22587682
22551339
22524701
22429393
22413814
22289779
22208203
22200116
22104167
22085750
22078012
22059643
21733145
21708003
21699693
21658220
21635785
21631931
21569298
21496291
21418619
21406098
21356074
21294910
21162721
21143856
21138548
21129173
21122112
20946626
20925952
20920215
20509947
20459843
20113479
19878548
19822006
19515241
19309503
19232125
19232094
19192301
19144126
18851735
18817572
18793435
18606002
18565211
18554391
18489744
18416855
18366757
18294365
18271966
18067674
18021432
17448233
17397529
17244349
17224058
17156452
17129379
17109744
17062147
16995932
16978405
16740155
16722612
16722595
16722536
41257785
41121134
40841658
40462181
40234872
40022154
39736792
39707482
39380044
38245797
38031122
37653507
37480130
37415155
36964621
36153584
36056362
35871005
35164810
35123543
34930365
34906154
34727959
34461943
34344405
34332615
34011352
33971942
33639982
33573692
33446227
33441156
33413471
33256818
32859237
32723365
31969167
31842933
31096996
31088489
31036045
30832686
30665421
29268767
28821278
28793912
28629418
27145956
25956133
25947946
25491396
25398587
24405637
24059531
23298464
22704798
22704718
20920258
20003372
19602252
41286994
41286975
41286962
28412959
39617898
36941608
39267094
25528446
39875900
39838467
39833922
39815348
39815304
39806482
39789589
39789579
39789553
39780186
39773751
39763001
39762914
39736600
39719609
39707539
39707479
39707455
39707449
39707443
39707389
39702341
39702189
39681873
39639351
39614274
39609892
39587636
39587599
39580446
39574155
39529120
39521996
39516862
39506814
39501272
39497113
39478612
39468716
39468599
39456061
39415195
39380097
39358794
39342352
39300538
39289684
39285396
39267114
39252105
39242521
39237961
39217366
39175064
39174987
39143641
39143600
39138481
39138478
39135054
39127675
39118150
39103853
39090656
39080776
39075508
39044243
39020342
39010138
39010073
38982500
38982450
38982397
38978028
38965637
38915120
38890698
38863022
38863011
38851765
38844942
38831459
38831282
38825678
38811977
38802922
38790028
38773622
38773534
38755710
38750525
38715109
38711103
38698457
38685042
38671465
38654381
38605407
38605384
38594754
38584252
38561848
38549140
38515155
38515138
38500130
38486238
38481246
38481240
38475860
38475852
38475835
38462617
38459585
38459571
38454486
38454433
38448886
38431612
38429777
38419071
38402381
38351015
38347616
38347577
38341596
38336741
38336719
38336713
38336695
38326873
38308295
38279137
38273306
38243274
38238812
38221620
38102667
38082309
38066651
38042867
38037113
38037078
37978388
37974220
37974153
37964294
37932779
37924129
37915038
37891668
37891621
37885021
37875969
37845696
37828533
37821988
37817286
37798741
37784170
37784132
37740198
37736751
37730650
37710296
37700367
37684689
37670327
37667371
37667300
37653505
37644569
37644562
37644448
37563635
37542281
37542277
37537616
37537594
37501190
37501126
37491269
37480128
37480097
37480029
37480025
37474973
37430370
37430349
37415189
37408081
37400835
37391835
37353796
37349793
37340482
37331934
37308991
37280644
37269006
37268964
37237416
37226169
37221564
37189159
37170274
37161533
37101200
37098531
37046296
37046271
37041648
37041611
37032333
36964624
36964591
36949521
36907859
36906580
36882773
36859290
36823666
36814307
36814291
36721196
36703212
36698214
36631837
36611195
36578049
36544230
36536417
36528764
36517834
36514115
36494730
36471448
36371255
36352427
36345033
36344987
36309700
36303251
36303188
36284315
36271403
36253825
36183138
36183078
36109815
36104823
36104799
36085154
36085075
36068590
36064429
36064417
36028858
36028842
36028839
35945593
35927768
35927746
35907869
35906666
35906626
35854330
35854323
35854312
35841105
35841038
35840977
35818080
35804431
35804426
35804421
35804387
35765080
35765008
35752817
35725462
35717227
35717194
35698232
35698202
35668481
35668433
35606856
35597953
35578298
35578266
35549993
35549971
35534869
35526036
35509013
35477461
35443702
35440056
35392955
35382853
35379279
35379272
35365177
35351177
35346287
35331287
35248110
35246201
35246188
35246185
35236385
35236367
35227301
35193633
35189948
35189944
35189927
35172867
35172847
35164809
35115034
35109890
35093159
35093157
35073939
35012585
34991662
34983594
34863240
34863234
34863227
34838091
34819141
34819135
34819124
34814939
34809690
34809687
34801065
34794484
34784942
34736508
34736485
34732217
34715889
34706746
34689816
34674734
34674729
34670591
34649574
34641935
34641933
34641931
34602081
34600567
34600563
34593011
34587975
34583739
34583728
34579749
34556143
34538260
34526067
34521419
34503540
34496908
34496900
34481493
34461970
34380534
34372895
34344437
34344408
34330316
34304732
34281581
34273994
34266467
34256797
34229749
34174912
34167574
34154622
34134750
34120632
34112222
34103076
34103049
34098996
34082807
34078427
34059113
34022943
34022932
34022924
34020684
34016138
34011343
34006296
34001193
34001170
33985575
33971926
33962637
33931097
33931089
33910593
33902669
33874971
33865423
33849633
33849631
33849613
33836803
33827635
33827611
33794951
33789679
33761963
33745447
33743784
33743771
33743752
33736665
33731175
33731151
33712050
33712029
33706792
33691734
33691726
33648529
33640001
33639994
33639992
33639989
33639975
33637102
33632285
33622338
33602299
33602269
33596965
33588897
33581733
33579341
33568173
33516249
33516244
33485384
33478511
33472655
33451335
33422102
33422100
33413525
33413482
33407709
33407696
33407685
33407668
33407666
33407655
33287852
33256793
33160383
33131499
33109251
33109218
33097095
33076941
33059692
33054782
33046132
33032634
33008435
32993757
32988393
32977826
32962750
32962748
32958024
32907615
32907608
32900391
32894194
32883323
32883312
32873338
32854719
32811515
32746863
32727600
32727524
32660500
32650830
32650809
32641076
32631372
32605631
32600383
32571425
32571376
32546179
32539862
32513286
32505193
32487141
32487130
32460820
32450891
32443972
32410642
32334637
32334605
32306998
32276665
32276632
32264911
32220244
32164772
32164748
32143660
32138751
32059734
32050984
32041633
32014045
31964399
31941540
31910869
31900214
31888681
31856884
31856865
31842932
31831025
31829210
31796081
31791361
31779649
31771608
31730500
31722741
31718697
31718691
31703595
31699126
31665043
31661010
31640736
31640729
31639014
31615547
31533797
31521182
31511031
31500643
31488169
31462308
31443672
31438995
31426867
31412900
31395105
31395076
31366393
31324220
31253163
31248438
31226990
31215497
31196128
31174585
31171027
31164137
31159885
31142374
31133063
31122250
31092259
31077240
31072340
31046801
30995915
30961612
30944003
30943998
30898118
30894207
30885236
30871635
30866985
30819232
30795770
30791930
30777110
30777108
30760308
30760291
30760283
30744660
30736861
30736822
30732635
30626415
30621767
30567582
30541579
30514324
30442155
30428914
30428897
30419920
30413215
30373601
30367637
30359278
30340617
30305169
30268124
30231904
30223862
30220252
30201006
30201003
30189864
30157891
30153866
30115096
30111334
30075786
30064518
30029694
30025539
30016967
29945639
29940999
29866148
29866145
29801497
29799384
29799382
29799381
29799376
29789014
29769092
29751809
29720219
29720212
29703262
29685181
29636107
29631595
29609636
29544507
29544503
29482660
29471850
29466997
29454364
29391017
29378663
29321044
29310675
29301541
29258536
29096665
29047407
29025426
28859693
28854950
28835285
28784158
28764801
28764722
28676128
28662711
28651568
28633635
28619065
28606101
28558743
28545593
28545481
28535791
28532504
28532436
28526043
28521822
28494813
28494776
28449695
28441951
28427448
28399932
28330479
28320446
28283046
28274235
28264719
28253932
28222800
28219442
28209180
28202028
28196516
28193246
28179030
28166796
28148286
28077157
28061881
28057032
27908281
27903269
27884167
27821140
27809869
27776540
27770813
27769300
27716293
27686124
27682995
27581084
27561270
27496147
27484739
27473873
27473663
27406229
27392569
27370603
27333979
27328799
27282290
27282198
27266878
27176041
27175923
27102338
27102039
27090393
27072915
27072799
27068647
27008851
26984770
26879382
26809617
26809514
26768987
26762237
26754025
26693706
26627451
26537923
26515493
26502900
26471271
26458950
26444545
26411462
26407983
26399259
26394686
26394620
26381864
26381732
26374742
26306707
26306627
26296873
26286265
26282398
26103963
26081110
26066342
26051373
25968608
25958326
25902795
25888220
25888122
25887544
25887468
25887097
25886873
25885911
25885783
25885527
25759173
25758258
25757997
25648394
25644172
25608574
25603992
25539746
25523232
25497359
25497157
25492042
25491744
25491639
25475054
25433678
25425405
25425325
25425121
25424323
25424195
25423912
25404053
25312434
25260376
25236789
25178359
25129365
25091406
25091201
25060326
25056340
25053156
25053016
25026978
25026959
25026867
24942262
24915927
24907849
24886632
24884811
24775716
24775443
24767472
24767253
24755310
24721225
24716834
24690360
24685312
24674232
24661356
24607067
24572009
24555756
24528893
24495340
24468030
24456803
24401652
25928624
24360150
24360083
24350656
24341803
24314109
24289864
24289834
24267509
24256612
24225340
24164873
24135440
24135395
24134793
24131572
24125570
24107549
24107440
24053514
24034279
24028571
24010984
24010951
24004906
23987231
23957953
23924322
23919306
23919274
23879989
23842438
23837464
23816348
23758768
23692804
23680013
23672541
23642083
23642042
23634874
23547958
23531234
23514578
23497636
23497566
23497546
23442887
23425518
23406482
23360593
23356391
23316694
23311583
23305374
23270487
23259488
23244165
23228021
23092449
23009155
22995659
22985983
22938201
22929189
22909005
22889154
22630369
22515166
22480232
22452838
22380742
22280810
22277694
22206639
22151922
22094174
22074552
22027213
22004887
21878110
21846383
21831279
21693067
21682893
21679407
21658225
21619687
21600006
21599942
21595885
21554693
21542925
21489283
21477313
21439034
21235735
21092187
20822539
20630065
20507641
20507631
20074341
20003427
19889212
19236704
19232111
19099560
19087348
18651971
18651939
18578866
18304370
18284672
18154657
18001465
17916236
17848188
17825104
17784964
17651510
17640391
17631035
17562004
17535422
17504518
17498282
17456235
17408482
17331235
17270046
17222357
17112370
17090323
17074089
17062136
17014705
16972995
16939648
16800883
16722615
16722573
16722557
16722554
16722538
41267102
41267090
41225615
41204247
40830795
40775643
40745614
40296018
39815373
39407277
39227985
39210374
39060931
38610036
38504242
38403596
38383398
38326898
38268028
38254184
38129869
37496092
36810103
36329444
36307891
36195888
36089585
35264234
34991670
34983622
34645478
34481516
34011365
33971920
33849607
33757549
33618755
33115523
32838797
32635939
32631379
32532349
32248834
32143654
32019589
32007091
31286959
31277673
30558655
30089515
29980216
28676062
26860746
25344219
24779676
23835272
22830360
21968022
21689452
21619684
21299861
17922908
26911987
24004821
23883437
17204147
40717090
38649872
30732631
39267100
39261850
37752556
38698482
38017575
37226194
36461014
35123544
35101074
41287064