39391213
37180417
40692723
39691184
37180498
37181112
39619418
39691185
37180421
37181107
39081270
37180493
37181105
38898886
39533986
39172657
37181113
37181108
37180415
39295819
37181109
37180420
37180424
38681799
37181104
39493574
37180497
40895290
40979471
37529076
39328974
40438698
40170737
37197559
37125217
38152157
37180411
37180413
37181110
39070093
37180412
37588777
37180410
39807402
39380901
39949392
38116207
37180495
39070094
37181114
37181116
38827639
38716233
39691183
37180416
39944188
38808315
39247150
37181111
41141951
38681798
40302781
37359354
37197558
37621556
37180418
38778875
37180422
39091896
37181072
37435090
40657272
39989508
39285951
37181075
38911512
37181073
39736843
37576433
37955016
39533987
39830993
39259444
37664761
38450288
37181074
37180423
39619417
40290267
37180494
37181115
38445267
40302780
38903126
37181102
37180496
40948726
38808316
37180414
40757058
40094151
40657271
39228859
39483301
39780848
38798762
37180419
37181106
38778874
39380902
37181103
37181101